============================================================================================================================================
CIBLE (°)  | RÉEL_MOL   | ERR_MOL    | FRAME    | X (mm)     | Y (mm)     | Z (mm)     | M00 | M01 | M02 | M10 | M11 | M12 | M20 | M21 | M22
============================================================================================================================================
60.0       | 0.00 | 0.00 | 0 | 210.33     | 146.10     | 292.06     | -0.6987  | 0.2518   | 0.6697   | -0.5711  | 0.3675   | -0.7341  | -0.4309  | -0.8953  | -0.1129 
50.0       | 0.00 | 0.00 | 0 | 210.32     | 146.17     | 291.97     | -0.6996  | 0.2525   | 0.6684   | -0.5698  | 0.3672   | -0.7352  | -0.4312  | -0.8951  | -0.1131 
40.0       | 0.00 | 0.00 | 0 | 210.24     | 146.21     | 292.60     | -0.6945  | 0.2520   | 0.6739   | -0.5751  | 0.3685   | -0.7304  | -0.4324  | -0.8949  | -0.1110 
30.0       | 0.00 | 0.00 | 0 | 210.10     | 146.35     | 293.78     | -0.6827  | 0.2516   | 0.6860   | -0.5860  | 0.3721   | -0.7198  | -0.4363  | -0.8934  | -0.1066 
20.0       | 0.00 | 0.00 | 0 | 210.06     | 146.88     | 297.06     | -0.6449  | 0.2517   | 0.7216   | -0.6183  | 0.3832   | -0.6862  | -0.4493  | -0.8887  | -0.0916 
10.0       | 0.00 | 0.00 | 0 | 210.31     | 147.53     | 301.07     | -0.5934  | 0.2520   | 0.7645   | -0.6565  | 0.3981   | -0.6408  | -0.4658  | -0.8821  | -0.0707 
0.0        | 0.00 | 0.00 | 0 | 211.37     | 148.24     | 306.49     | -0.5144  | 0.2485   | 0.8208   | -0.7077  | 0.4176   | -0.5700  | -0.4844  | -0.8740  | -0.0390 
-10.0      | 0.00 | 0.00 | 0 | 213.29     | 148.86     | 312.03     | -0.4175  | 0.2416   | 0.8760   | -0.7573  | 0.4403   | -0.4824  | -0.5022  | -0.8647  | -0.0008 
-20.0      | 0.00 | 0.00 | 0 | 215.37     | 149.21     | 316.63     | -0.3310  | 0.2327   | 0.9145   | -0.7931  | 0.4566   | -0.4032  | -0.5113  | -0.8586  | 0.0335  
-30.0      | 0.00 | 0.00 | 0 | 217.48     | 149.56     | 320.49     | -0.2528  | 0.2237   | 0.9413   | -0.8166  | 0.4724   | -0.3315  | -0.5189  | -0.8524  | 0.0633  
-40.0      | 0.00 | 0.00 | 0 | 220.02     | 149.90     | 324.60     | -0.1650  | 0.2129   | 0.9630   | -0.8351  | 0.4893   | -0.2512  | -0.5247  | -0.8458  | 0.0970  
-50.0      | 0.00 | 0.00 | 0 | 222.89     | 150.20     | 328.50     | -0.0752  | 0.2005   | 0.9768   | -0.8462  | 0.5053   | -0.1689  | -0.5274  | -0.8393  | 0.1315  
-40.0      | 0.00 | 0.00 | 0 | 222.88     | 150.19     | 328.46     | -0.0757  | 0.2011   | 0.9767   | -0.8461  | 0.5053   | -0.1696  | -0.5276  | -0.8392  | 0.1319  
-30.0      | 0.00 | 0.00 | 0 | 222.61     | 150.09     | 327.94     | -0.0839  | 0.2030   | 0.9756   | -0.8461  | 0.5028   | -0.1773  | -0.5265  | -0.8403  | 0.1295  
-20.0      | 0.00 | 0.00 | 0 | 221.95     | 150.00     | 326.77     | -0.1049  | 0.2060   | 0.9729   | -0.8438  | 0.4994   | -0.1966  | -0.5263  | -0.8415  | 0.1214  
-10.0      | 0.00 | 0.00 | 0 | 219.35     | 149.78     | 322.12     | -0.1951  | 0.2185   | 0.9562   | -0.8287  | 0.4847   | -0.2799  | -0.5245  | -0.8470  | 0.0865  
0.0        | 0.00 | 0.00 | 0 | 216.89     | 149.53     | 317.39     | -0.2880  | 0.2302   | 0.9295   | -0.8046  | 0.4682   | -0.3652  | -0.5193  | -0.8531  | 0.0504  
10.0       | 0.00 | 0.00 | 0 | 214.56     | 149.27     | 312.54     | -0.3830  | 0.2421   | 0.8915   | -0.7697  | 0.4500   | -0.4528  | -0.5108  | -0.8595  | 0.0140  
20.0       | 0.00 | 0.00 | 0 | 213.19     | 149.05     | 308.87     | -0.4481  | 0.2495   | 0.8584   | -0.7387  | 0.4374   | -0.5128  | -0.5035  | -0.8640  | -0.0117 
30.0       | 0.00 | 0.00 | 0 | 212.06     | 148.77     | 304.87     | -0.5139  | 0.2554   | 0.8190   | -0.7021  | 0.4233   | -0.5726  | -0.4929  | -0.8693  | -0.0383 
40.0       | 0.00 | 0.00 | 0 | 211.16     | 148.38     | 300.41     | -0.5810  | 0.2608   | 0.7710   | -0.6576  | 0.4077   | -0.6335  | -0.4796  | -0.8751  | -0.0654 
50.0       | 0.00 | 0.00 | 0 | 210.66     | 147.85     | 295.41     | -0.6491  | 0.2637   | 0.7136   | -0.6048  | 0.3901   | -0.6943  | -0.4615  | -0.8822  | -0.0937 
60.0       | 0.00 | 0.00 | 0 | 210.39     | 147.48     | 289.73     | -0.7213  | 0.2685   | 0.6384   | -0.5336  | 0.3721   | -0.7595  | -0.4416  | -0.8885  | -0.1251 
