SYNCHRO DYNAMIXEL + QTM (Vitesse limitée)
================================================================================================================================================================
CIBLE (°)  | RÉEL_MOL   | ERR_MOL    | FRAME    | X (mm)     | Y (mm)     | Z (mm)     | M00      | M01      | M02      | M10      | M11      | M12      | M20      | M21      | M22     
================================================================================================================================================================
0.0        | 0.00       | 0.00       | 147834   | 214.32     | 152.92     | 311.82     | -0.8807  | 0.1758   | -0.4397  | -0.3553  | -0.8593  | 0.3680   | -0.3132  | 0.4803   | 0.8193  
10.0       | 9.81       | 0.19       | 147987   | 214.35     | 153.10     | 311.82     | -0.8801  | 0.1773   | -0.4404  | -0.3570  | -0.8586  | 0.3679   | -0.3129  | 0.4810   | 0.8190  
20.0       | 19.63      | 0.37       | 148141   | 214.46     | 153.86     | 311.72     | -0.8770  | 0.1900   | -0.4413  | -0.3683  | -0.8557  | 0.3636   | -0.3085  | 0.4814   | 0.8204  
30.0       | 29.59      | 0.41       | 148295   | 214.86     | 156.99     | 311.04     | -0.8568  | 0.2524   | -0.4496  | -0.4258  | -0.8380  | 0.3411   | -0.2906  | 0.4837   | 0.8256  
40.0       | 39.26      | 0.74       | 148448   | 216.11     | 162.00     | 310.32     | -0.8093  | 0.3712   | -0.4552  | -0.5293  | -0.7968  | 0.2913   | -0.2546  | 0.4767   | 0.8414  
50.0       | 49.32      | 0.68       | 148602   | 217.74     | 167.21     | 309.80     | -0.7514  | 0.4758   | -0.4572  | -0.6220  | -0.7420  | 0.2501   | -0.2202  | 0.4723   | 0.8535  
60.0       | 59.38      | 0.62       | 148755   | 219.13     | 170.72     | 309.39     | -0.7024  | 0.5449   | -0.4579  | -0.6834  | -0.6961  | 0.2201   | -0.1988  | 0.4675   | 0.8613  
70.0       | 68.80      | 1.20       | 148909   | 220.92     | 174.63     | 309.00     | -0.6323  | 0.6267   | -0.4555  | -0.7550  | -0.6303  | 0.1808   | -0.1738  | 0.4582   | 0.8717  
80.0       | 78.86      | 1.14       | 149063   | 222.39     | 177.22     | 308.66     | -0.5891  | 0.6688   | -0.4535  | -0.7927  | -0.5873  | 0.1637   | -0.1569  | 0.4559   | 0.8761  
90.0       | 88.72      | 1.28       | 149216   | 223.52     | 178.99     | 308.59     | -0.5536  | 0.6998   | -0.4515  | -0.8197  | -0.5537  | 0.1467   | -0.1473  | 0.4513   | 0.8801  
100.0      | 98.93      | 1.07       | 149370   | 224.91     | 181.09     | 308.47     | -0.5054  | 0.7368   | -0.4492  | -0.8520  | -0.5085  | 0.1244   | -0.1368  | 0.4456   | 0.8847  
90.0       | 89.99      | 0.01       | 149523   | 224.80     | 180.94     | 308.52     | -0.5075  | 0.7354   | -0.4490  | -0.8506  | -0.5109  | 0.1247   | -0.1377  | 0.4452   | 0.8848  
80.0       | 80.08      | 0.08       | 149677   | 223.39     | 178.84     | 308.66     | -0.5407  | 0.7107   | -0.4501  | -0.8284  | -0.5429  | 0.1378   | -0.1465  | 0.4474   | 0.8823  
70.0       | 70.21      | 0.21       | 149830   | 220.90     | 174.72     | 309.16     | -0.6058  | 0.6548   | -0.4519  | -0.7779  | -0.6065  | 0.1641   | -0.1666  | 0.4510   | 0.8768  
60.0       | 60.16      | 0.16       | 149984   | 218.69     | 170.08     | 309.70     | -0.6793  | 0.5758   | -0.4551  | -0.7088  | -0.6754  | 0.2035   | -0.1902  | 0.4608   | 0.8669  
50.0       | 50.24      | 0.24       | 150138   | 217.24     | 166.09     | 310.31     | -0.7405  | 0.4961   | -0.4534  | -0.6377  | -0.7316  | 0.2411   | -0.2121  | 0.4677   | 0.8581  
40.0       | 40.28      | 0.28       | 150291   | 215.94     | 161.74     | 310.92     | -0.7986  | 0.3999   | -0.4497  | -0.5518  | -0.7849  | 0.2820   | -0.2402  | 0.4734   | 0.8475  
30.0       | 30.18      | 0.18       | 150445   | 214.98     | 157.93     | 311.51     | -0.8429  | 0.2970   | -0.4487  | -0.4637  | -0.8239  | 0.3259   | -0.2729  | 0.4828   | 0.8322  
20.0       | 20.07      | 0.07       | 150598   | 214.91     | 157.52     | 311.55     | -0.8473  | 0.2868   | -0.4470  | -0.4545  | -0.8271  | 0.3307   | -0.2748  | 0.4834   | 0.8312  
10.0       | 10.01      | 0.01       | 150752   | 214.76     | 156.47     | 311.69     | -0.8565  | 0.2625   | -0.4444  | -0.4322  | -0.8354  | 0.3395   | -0.2822  | 0.4828   | 0.8290  
0.0        | 0.39       | 0.39       | 150906   | 214.72     | 155.93     | 311.54     | -0.8599  | 0.2535   | -0.4430  | -0.4263  | -0.8341  | 0.3502   | -0.2807  | 0.4900   | 0.8253  
-10.0      | -9.91      | 0.09       | 151059   | 214.67     | 155.78     | 311.60     | -0.8613  | 0.2494   | -0.4427  | -0.4222  | -0.8360  | 0.3506   | -0.2826  | 0.4889   | 0.8253  
-20.0      | -19.53     | 0.47       | 151213   | 214.52     | 154.60     | 311.94     | -0.8703  | 0.2209   | -0.4403  | -0.3943  | -0.8482  | 0.3538   | -0.2953  | 0.4815   | 0.8252  
-30.0      | -29.64     | 0.36       | 151366   | 214.40     | 153.61     | 312.02     | -0.8764  | 0.1992   | -0.4386  | -0.3747  | -0.8540  | 0.3610   | -0.3026  | 0.4807   | 0.8230  
-40.0      | -39.40     | 0.60       | 151520   | 214.22     | 151.39     | 312.24     | -0.8881  | 0.1513   | -0.4340  | -0.3314  | -0.8651  | 0.3766   | -0.3184  | 0.4783   | 0.8184  
-50.0      | -49.46     | 0.54       | 151674   | 214.19     | 149.86     | 312.41     | -0.8958  | 0.1173   | -0.4287  | -0.3003  | -0.8708  | 0.3893   | -0.3276  | 0.4774   | 0.8153  
-40.0      | -40.04     | 0.04       | 151827   | 214.22     | 149.94     | 312.43     | -0.8960  | 0.1176   | -0.4283  | -0.3003  | -0.8709  | 0.3890   | -0.3272  | 0.4772   | 0.8156  
-30.0      | -30.18     | 0.18       | 151981   | 214.19     | 150.30     | 312.42     | -0.8951  | 0.1231   | -0.4285  | -0.3051  | -0.8699  | 0.3876   | -0.3251  | 0.4777   | 0.8162  
-20.0      | -20.12     | 0.12       | 152134   | 214.23     | 150.64     | 312.40     | -0.8941  | 0.1276   | -0.4292  | -0.3096  | -0.8687  | 0.3867   | -0.3235  | 0.4787   | 0.8162  
-10.0      | -10.25     | 0.25       | 152288   | 214.33     | 151.79     | 312.23     | -0.8896  | 0.1448   | -0.4332  | -0.3261  | -0.8654  | 0.3805   | -0.3198  | 0.4797   | 0.8171  
0.0        | -0.49      | 0.49       | 152442   | 214.56     | 154.21     | 311.84     | -0.8778  | 0.1901   | -0.4398  | -0.3684  | -0.8546  | 0.3659   | -0.3063  | 0.4832   | 0.8202  
