SYNCHRONISATION DYNAMIXEL ET QUALISYS QTM (BOUCLES MULTIPLES)
Date: 2026-06-30 15:51:02
Marqueur recherché: L-frame
================================================================================================================================================================
CIBLE (°)  | RÉEL_MOL   | ERR_MOL    | FRAME    | X (mm)     | Y (mm)     | Z (mm)     | M00      | M01      | M02      | M10      | M11      | M12      | M20      | M21      | M22     
================================================================================================================================================================
60.0       | 59.12      | 0.88       | 14838    | 210.41     | 148.15     | 291.11     | -0.6676  | 0.0668   | -0.7415  | -0.3968  | -0.8747  | 0.2784   | -0.6299  | 0.4801   | 0.6105  
50.0       | 49.86      | 0.14       | 14921    | 210.42     | 148.16     | 291.09     | -0.6667  | 0.0663   | -0.7423  | -0.3968  | -0.8747  | 0.2783   | -0.6309  | 0.4801   | 0.6095  
40.0       | 39.96      | 0.04       | 15004    | 210.29     | 148.14     | 291.78     | -0.6733  | 0.0667   | -0.7364  | -0.3941  | -0.8751  | 0.2810   | -0.6256  | 0.4794   | 0.6154  
30.0       | 30.00      | 0.00       | 15087    | 210.12     | 148.36     | 293.75     | -0.6939  | 0.0727   | -0.7164  | -0.3893  | -0.8748  | 0.2883   | -0.6058  | 0.4790   | 0.6353  
20.0       | 20.10      | 0.10       | 15171    | 210.21     | 148.94     | 298.22     | -0.7424  | 0.0886   | -0.6641  | -0.3773  | -0.8744  | 0.3052   | -0.5536  | 0.4771   | 0.6825  
10.0       | 10.14      | 0.14       | 15254    | 210.80     | 149.55     | 303.14     | -0.7927  | 0.1068   | -0.6001  | -0.3630  | -0.8736  | 0.3241   | -0.4897  | 0.4748   | 0.7313  
0.0        | 0.23       | 0.23       | 15337    | 212.38     | 150.09     | 308.89     | -0.8514  | 0.1302   | -0.5081  | -0.3404  | -0.8741  | 0.3464   | -0.3990  | 0.4679   | 0.7886  
-10.0      | -9.67      | 0.33       | 15420    | 214.77     | 150.50     | 314.75     | -0.9024  | 0.1528   | -0.4030  | -0.3121  | -0.8765  | 0.3665   | -0.2972  | 0.4565   | 0.8386  
0.0        | -0.06      | 0.06       | 15503    | 214.77     | 150.50     | 314.68     | -0.9022  | 0.1528   | -0.4035  | -0.3124  | -0.8763  | 0.3667   | -0.2975  | 0.4568   | 0.8383  
10.0       | 9.79       | 0.21       | 15587    | 214.21     | 150.32     | 312.83     | -0.8900  | 0.1465   | -0.4318  | -0.3195  | -0.8760  | 0.3614   | -0.3253  | 0.4596   | 0.8264  
20.0       | 19.63      | 0.37       | 15670    | 212.86     | 149.86     | 308.14     | -0.8534  | 0.1307   | -0.5045  | -0.3386  | -0.8750  | 0.3461   | -0.3962  | 0.4662   | 0.7910  
30.0       | 29.47      | 0.53       | 15753    | 212.08     | 149.65     | 305.12     | -0.8254  | 0.1201   | -0.5517  | -0.3513  | -0.8742  | 0.3353   | -0.4420  | 0.4705   | 0.7637  
20.0       | 19.98      | 0.02       | 15836    | 212.08     | 149.67     | 305.11     | -0.8253  | 0.1201   | -0.5517  | -0.3514  | -0.8741  | 0.3354   | -0.4420  | 0.4707   | 0.7636  
10.0       | 10.08      | 0.08       | 15919    | 212.16     | 149.74     | 305.79     | -0.8304  | 0.1222   | -0.5435  | -0.3493  | -0.8743  | 0.3371   | -0.4340  | 0.4698   | 0.7687  
0.0        | 0.23       | 0.23       | 16003    | 212.93     | 150.10     | 309.37     | -0.8604  | 0.1343   | -0.4916  | -0.3361  | -0.8746  | 0.3494   | -0.3830  | 0.4659   | 0.7977  
-10.0      | -9.67      | 0.33       | 16086    | 214.93     | 150.56     | 315.03     | -0.9049  | 0.1549   | -0.3965  | -0.3112  | -0.8762  | 0.3679   | -0.2905  | 0.4563   | 0.8411  
-20.0      | -19.51     | 0.49       | 16169    | 216.71     | 150.83     | 318.52     | -0.9289  | 0.1706   | -0.3286  | -0.2948  | -0.8777  | 0.3777   | -0.2239  | 0.4478   | 0.8657  
-10.0      | -10.08     | 0.08       | 16252    | 216.71     | 150.82     | 318.49     | -0.9289  | 0.1706   | -0.3286  | -0.2948  | -0.8778  | 0.3777   | -0.2240  | 0.4477   | 0.8657  
0.0        | -0.12      | 0.12       | 16335    | 216.37     | 150.72     | 317.57     | -0.9245  | 0.1670   | -0.3427  | -0.2980  | -0.8772  | 0.3764   | -0.2378  | 0.4501   | 0.8608  
10.0       | 9.73       | 0.27       | 16419    | 214.82     | 150.36     | 313.32     | -0.8979  | 0.1520   | -0.4132  | -0.3158  | -0.8762  | 0.3640   | -0.3067  | 0.4573   | 0.8348  
20.0       | 19.63      | 0.37       | 16502    | 213.16     | 149.98     | 308.58     | -0.8597  | 0.1348   | -0.4927  | -0.3371  | -0.8745  | 0.3488   | -0.3839  | 0.4660   | 0.7972  
30.0       | 29.41      | 0.59       | 16585    | 212.25     | 149.77     | 305.45     | -0.8296  | 0.1231   | -0.5446  | -0.3509  | -0.8736  | 0.3371   | -0.4343  | 0.4708   | 0.7680  
40.0       | 39.38      | 0.62       | 16668    | 211.32     | 149.37     | 300.92     | -0.7834  | 0.1059   | -0.6124  | -0.3679  | -0.8732  | 0.3196   | -0.5009  | 0.4757   | 0.7231  
30.0       | 30.00      | 0.00       | 16751    | 211.31     | 149.38     | 300.90     | -0.7833  | 0.1060   | -0.6126  | -0.3680  | -0.8732  | 0.3195   | -0.5011  | 0.4756   | 0.7230  
20.0       | 20.04      | 0.04       | 16835    | 211.27     | 149.43     | 301.54     | -0.7875  | 0.1075   | -0.6069  | -0.3668  | -0.8731  | 0.3212   | -0.4953  | 0.4756   | 0.7270  
10.0       | 10.08      | 0.08       | 16918    | 211.56     | 149.72     | 304.02     | -0.8101  | 0.1152   | -0.5749  | -0.3586  | -0.8731  | 0.3302   | -0.4639  | 0.4737   | 0.7486  
0.0        | 0.23       | 0.23       | 17001    | 212.75     | 150.23     | 309.32     | -0.8576  | 0.1337   | -0.4966  | -0.3386  | -0.8735  | 0.3496   | -0.3871  | 0.4680   | 0.7944  
-10.0      | -9.67      | 0.33       | 17084    | 214.91     | 150.66     | 314.98     | -0.9041  | 0.1556   | -0.3981  | -0.3128  | -0.8756  | 0.3681   | -0.2913  | 0.4573   | 0.8402  
-20.0      | -19.57     | 0.43       | 17167    | 216.71     | 150.93     | 318.51     | -0.9286  | 0.1718   | -0.3290  | -0.2963  | -0.8770  | 0.3782   | -0.2236  | 0.4487   | 0.8653  
-30.0      | -29.47     | 0.53       | 17251    | 219.22     | 151.22     | 322.79     | -0.9519  | 0.1899   | -0.2406  | -0.2740  | -0.8791  | 0.3900   | -0.1374  | 0.4371   | 0.8889  
-40.0      | -39.32     | 0.68       | 17334    | 221.79     | 151.45     | 326.55     | -0.9657  | 0.2063   | -0.1574  | -0.2533  | -0.8811  | 0.3995   | -0.0563  | 0.4256   | 0.9031  
-30.0      | -29.88     | 0.12       | 17417    | 221.79     | 151.44     | 326.54     | -0.9657  | 0.2060   | -0.1578  | -0.2532  | -0.8811  | 0.3995   | -0.0567  | 0.4258   | 0.9031  
-20.0      | -20.04     | 0.04       | 17500    | 221.50     | 151.30     | 325.93     | -0.9648  | 0.2031   | -0.1672  | -0.2546  | -0.8808  | 0.3992   | -0.0662  | 0.4277   | 0.9015  
-10.0      | -10.08     | 0.08       | 17583    | 220.43     | 151.16     | 323.88     | -0.9591  | 0.1963   | -0.2037  | -0.2640  | -0.8799  | 0.3951   | -0.1017  | 0.4328   | 0.8957  
0.0        | -0.18      | 0.18       | 17666    | 217.69     | 150.87     | 318.57     | -0.9358  | 0.1774   | -0.3045  | -0.2906  | -0.8773  | 0.3820   | -0.1994  | 0.4460   | 0.8726  
10.0       | 9.73       | 0.27       | 17750    | 215.31     | 150.56     | 313.55     | -0.9028  | 0.1573   | -0.4002  | -0.3152  | -0.8751  | 0.3671   | -0.2925  | 0.4576   | 0.8397  
20.0       | 19.57      | 0.43       | 17833    | 213.43     | 150.24     | 309.02     | -0.8642  | 0.1386   | -0.4836  | -0.3373  | -0.8729  | 0.3525   | -0.3733  | 0.4678   | 0.8011  
30.0       | 29.41      | 0.59       | 17916    | 212.40     | 150.01     | 305.48     | -0.8308  | 0.1253   | -0.5423  | -0.3530  | -0.8719  | 0.3394   | -0.4303  | 0.4734   | 0.7686  
40.0       | 39.32      | 0.68       | 17999    | 211.46     | 149.65     | 301.27     | -0.7881  | 0.1094   | -0.6058  | -0.3696  | -0.8710  | 0.3236   | -0.4922  | 0.4789   | 0.7269  
50.0       | 49.28      | 0.72       | 18082    | 210.83     | 149.09     | 296.23     | -0.7327  | 0.0892   | -0.6747  | -0.3852  | -0.8716  | 0.3031   | -0.5610  | 0.4820   | 0.6730  
60.0       | 59.12      | 0.88       | 18166    | 210.52     | 148.59     | 290.79     | -0.6640  | 0.0689   | -0.7446  | -0.4036  | -0.8713  | 0.2793   | -0.6295  | 0.4859   | 0.6063  
50.0       | 49.86      | 0.14       | 18249    | 210.50     | 148.60     | 290.79     | -0.6642  | 0.0687   | -0.7444  | -0.4034  | -0.8713  | 0.2796   | -0.6293  | 0.4860   | 0.6064  
40.0       | 39.96      | 0.04       | 18332    | 210.38     | 148.58     | 291.53     | -0.6712  | 0.0691   | -0.7380  | -0.4005  | -0.8716  | 0.2826   | -0.6237  | 0.4853   | 0.6128  
30.0       | 30.06      | 0.06       | 18415    | 210.19     | 148.80     | 293.64     | -0.6937  | 0.0755   | -0.7163  | -0.3948  | -0.8716  | 0.2905   | -0.6024  | 0.4843   | 0.6344  
20.0       | 20.04      | 0.04       | 18498    | 210.29     | 149.39     | 298.21     | -0.7431  | 0.0916   | -0.6629  | -0.3825  | -0.8710  | 0.3083   | -0.5492  | 0.4826   | 0.6823  
10.0       | 10.14      | 0.14       | 18582    | 210.87     | 149.98     | 303.14     | -0.7932  | 0.1105   | -0.5988  | -0.3680  | -0.8704  | 0.3269   | -0.4852  | 0.4797   | 0.7311  
0.0        | 0.23       | 0.23       | 18665    | 212.47     | 150.49     | 308.91     | -0.8514  | 0.1328   | -0.5075  | -0.3444  | -0.8712  | 0.3498   | -0.3957  | 0.4726   | 0.7875  
-10.0      | -9.67      | 0.33       | 18748    | 214.87     | 150.91     | 314.78     | -0.9023  | 0.1561   | -0.4019  | -0.3161  | -0.8735  | 0.3703   | -0.2932  | 0.4611   | 0.8375  
-20.0      | -19.57     | 0.43       | 18831    | 216.83     | 151.19     | 318.58     | -0.9291  | 0.1739   | -0.3264  | -0.2979  | -0.8750  | 0.3816   | -0.2193  | 0.4518   | 0.8648  
-30.0      | -29.47     | 0.53       | 18914    | 219.19     | 151.48     | 322.60     | -0.9508  | 0.1918   | -0.2433  | -0.2773  | -0.8770  | 0.3924   | -0.1381  | 0.4406   | 0.8870  
-40.0      | -39.32     | 0.68       | 18998    | 221.98     | 151.68     | 326.69     | -0.9657  | 0.2093   | -0.1535  | -0.2545  | -0.8796  | 0.4019   | -0.0509  | 0.4271   | 0.9027  
-50.0      | -49.10     | 0.90       | 19081    | 225.68     | 151.82     | 331.21     | -0.9726  | 0.2280   | -0.0451  | -0.2261  | -0.8832  | 0.4108   | 0.0538   | 0.4098   | 0.9106  
-40.0      | -39.96     | 0.04       | 19164    | 225.65     | 151.82     | 331.12     | -0.9726  | 0.2279   | -0.0465  | -0.2266  | -0.8829  | 0.4112   | 0.0527   | 0.4105   | 0.9103  
-30.0      | -30.06     | 0.06       | 19247    | 225.20     | 151.69     | 330.33     | -0.9725  | 0.2251   | -0.0591  | -0.2292  | -0.8824  | 0.4109   | 0.0403   | 0.4131   | 0.9098  
-20.0      | -20.04     | 0.04       | 19330    | 224.17     | 151.61     | 328.77     | -0.9715  | 0.2195   | -0.0899  | -0.2370  | -0.8814  | 0.4086   | 0.0105   | 0.4182   | 0.9083  
-10.0      | -10.14     | 0.14       | 19414    | 221.30     | 151.41     | 324.12     | -0.9619  | 0.2040   | -0.1822  | -0.2620  | -0.8784  | 0.3997   | -0.0785  | 0.4321   | 0.8984  
0.0        | -0.18      | 0.18       | 19497    | 218.15     | 151.17     | 318.79     | -0.9385  | 0.1828   | -0.2930  | -0.2911  | -0.8752  | 0.3863   | -0.1858  | 0.4478   | 0.8746  
10.0       | 9.67       | 0.33       | 19580    | 215.44     | 150.92     | 313.54     | -0.9031  | 0.1606   | -0.3984  | -0.3187  | -0.8723  | 0.3708   | -0.2879  | 0.4618   | 0.8389  
20.0       | 19.63      | 0.37       | 19663    | 213.55     | 150.63     | 309.05     | -0.8648  | 0.1424   | -0.4816  | -0.3412  | -0.8702  | 0.3553   | -0.3685  | 0.4716   | 0.8011  
30.0       | 29.41      | 0.59       | 19746    | 212.48     | 150.37     | 305.49     | -0.8308  | 0.1282   | -0.5415  | -0.3570  | -0.8693  | 0.3419   | -0.4269  | 0.4774   | 0.7680  
40.0       | 39.38      | 0.62       | 19830    | 211.56     | 149.95     | 301.11     | -0.7871  | 0.1105   | -0.6068  | -0.3726  | -0.8692  | 0.3250   | -0.4915  | 0.4820   | 0.7254  
50.0       | 49.28      | 0.72       | 19913    | 210.90     | 149.45     | 296.23     | -0.7331  | 0.0915   | -0.6739  | -0.3894  | -0.8689  | 0.3055   | -0.5576  | 0.4864   | 0.6727  
60.0       | 59.12      | 0.88       | 19996    | 210.55     | 148.86     | 290.59     | -0.6624  | 0.0692   | -0.7459  | -0.4075  | -0.8688  | 0.2813   | -0.6286  | 0.4903   | 0.6037  
