SYNCHRONISATION DYNAMIXEL ET QUALISYS QTM (BOUCLES MULTIPLES)
Date: 2026-06-30 16:15:05
Marqueur recherché: L-frame
================================================================================================================================================================
CIBLE (°)  | RÉEL_MOL   | ERR_MOL    | FRAME    | X (mm)     | Y (mm)     | Z (mm)     | M00      | M01      | M02      | M10      | M11      | M12      | M20      | M21      | M22     
================================================================================================================================================================
0.0        | 0.00       | 0.00       | 159211   | 214.53     | 154.23     | 311.74     | -0.8774  | 0.1909   | -0.4402  | -0.3693  | -0.8545  | 0.3654   | -0.3064  | 0.4831   | 0.8202  
10.0       | 9.42       | 0.58       | 159294   | 215.22     | 158.95     | 310.91     | -0.8406  | 0.2981   | -0.4524  | -0.4669  | -0.8221  | 0.3258   | -0.2748  | 0.4851   | 0.8302  
20.0       | 19.34      | 0.66       | 159377   | 216.57     | 163.62     | 310.26     | -0.7923  | 0.4060   | -0.4555  | -0.5601  | -0.7801  | 0.2789   | -0.2421  | 0.4760   | 0.8454  
30.0       | 29.30      | 0.70       | 159460   | 217.33     | 165.96     | 309.99     | -0.7675  | 0.4504   | -0.4561  | -0.5995  | -0.7564  | 0.2617   | -0.2271  | 0.4743   | 0.8506  
20.0       | 20.07      | 0.07       | 159544   | 217.31     | 165.94     | 310.04     | -0.7675  | 0.4501   | -0.4565  | -0.5993  | -0.7565  | 0.2617   | -0.2275  | 0.4745   | 0.8504  
10.0       | 10.16      | 0.16       | 159627   | 216.92     | 164.82     | 310.19     | -0.7776  | 0.4339   | -0.4550  | -0.5843  | -0.7659  | 0.2682   | -0.2322  | 0.4744   | 0.8491  
0.0        | 0.34       | 0.34       | 159710   | 215.97     | 161.51     | 310.67     | -0.8087  | 0.3776   | -0.4510  | -0.5330  | -0.7948  | 0.2903   | -0.2489  | 0.4752   | 0.8440  
-10.0      | -9.67      | 0.33       | 159793   | 214.85     | 157.32     | 311.23     | -0.8477  | 0.2822   | -0.4491  | -0.4513  | -0.8287  | 0.3311   | -0.2788  | 0.4834   | 0.8299  
-20.0      | -19.68     | 0.32       | 159876   | 214.76     | 156.68     | 311.31     | -0.8531  | 0.2677   | -0.4477  | -0.4382  | -0.8335  | 0.3365   | -0.2831  | 0.4832   | 0.8284  
-10.0      | -10.21     | 0.21       | 159959   | 214.78     | 156.82     | 311.29     | -0.8526  | 0.2685   | -0.4483  | -0.4393  | -0.8330  | 0.3364   | -0.2831  | 0.4838   | 0.8281  
0.0        | -0.29      | 0.29       | 160043   | 214.80     | 157.09     | 311.26     | -0.8504  | 0.2733   | -0.4496  | -0.4439  | -0.8315  | 0.3340   | -0.2826  | 0.4836   | 0.8284  
10.0       | 9.42       | 0.58       | 160126   | 215.47     | 159.34     | 310.81     | -0.8351  | 0.3168   | -0.4497  | -0.4801  | -0.8188  | 0.3148   | -0.2685  | 0.4788   | 0.8359  
20.0       | 19.29      | 0.71       | 160209   | 216.58     | 163.67     | 310.25     | -0.7928  | 0.4042   | -0.4561  | -0.5588  | -0.7808  | 0.2794   | -0.2432  | 0.4764   | 0.8449  
30.0       | 29.35      | 0.65       | 160292   | 217.30     | 165.97     | 309.96     | -0.7683  | 0.4478   | -0.4573  | -0.5976  | -0.7577  | 0.2621   | -0.2292  | 0.4747   | 0.8498  
40.0       | 38.87      | 1.13       | 160375   | 219.25     | 171.07     | 309.33     | -0.6988  | 0.5480   | -0.4597  | -0.6872  | -0.6927  | 0.2189   | -0.1985  | 0.4689   | 0.8607  
50.0       | 49.12      | 0.88       | 160459   | 220.28     | 173.47     | 308.99     | -0.6567  | 0.5980   | -0.4596  | -0.7313  | -0.6539  | 0.1942   | -0.1844  | 0.4636   | 0.8667  
60.0       | 58.50      | 1.50       | 160542   | 223.23     | 178.74     | 308.33     | -0.5609  | 0.6904   | -0.4569  | -0.8134  | -0.5622  | 0.1490   | -0.1540  | 0.4552   | 0.8770  
70.0       | 69.43      | 0.57       | 160625   | 223.99     | 179.86     | 308.34     | -0.5340  | 0.7129   | -0.4546  | -0.8326  | -0.5369  | 0.1360   | -0.1472  | 0.4511   | 0.8802  
60.0       | 60.06      | 0.06       | 160708   | 223.67     | 179.37     | 308.38     | -0.5406  | 0.7082   | -0.4540  | -0.8281  | -0.5431  | 0.1389   | -0.1482  | 0.4510   | 0.8801  
50.0       | 50.10      | 0.10       | 160791   | 221.84     | 176.31     | 308.75     | -0.5894  | 0.6683   | -0.4540  | -0.7920  | -0.5887  | 0.1616   | -0.1593  | 0.4548   | 0.8762  
40.0       | 40.19      | 0.19       | 160875   | 219.57     | 172.06     | 309.29     | -0.6538  | 0.6032   | -0.4568  | -0.7342  | -0.6517  | 0.1903   | -0.1829  | 0.4598   | 0.8690  
30.0       | 30.13      | 0.13       | 160958   | 217.72     | 167.50     | 309.88     | -0.7218  | 0.5211   | -0.4554  | -0.6609  | -0.7144  | 0.2300   | -0.2055  | 0.4670   | 0.8600  
20.0       | 20.21      | 0.21       | 161041   | 216.36     | 163.35     | 310.53     | -0.7787  | 0.4349   | -0.4522  | -0.5838  | -0.7663  | 0.2684   | -0.2298  | 0.4730   | 0.8506  
10.0       | 10.25      | 0.25       | 161124   | 215.32     | 158.62     | 311.25     | -0.8374  | 0.3175   | -0.4449  | -0.4787  | -0.8189  | 0.3167   | -0.2637  | 0.4782   | 0.8377  
0.0        | 0.39       | 0.39       | 161207   | 214.70     | 156.10     | 311.64     | -0.8595  | 0.2535   | -0.4439  | -0.4246  | -0.8375  | 0.3439   | -0.2846  | 0.4841   | 0.8275  
-10.0      | -9.91      | 0.09       | 161291   | 214.67     | 155.74     | 311.49     | -0.8616  | 0.2469   | -0.4436  | -0.4207  | -0.8363  | 0.3516   | -0.2842  | 0.4896   | 0.8244  
-20.0      | -19.43     | 0.57       | 161374   | 214.50     | 154.51     | 311.86     | -0.8712  | 0.2171   | -0.4403  | -0.3915  | -0.8484  | 0.3563   | -0.2962  | 0.4828   | 0.8241  
-30.0      | -29.64     | 0.36       | 161457   | 214.39     | 153.49     | 311.92     | -0.8776  | 0.1947   | -0.4380  | -0.3711  | -0.8544  | 0.3638   | -0.3034  | 0.4818   | 0.8221  
-20.0      | -20.07     | 0.07       | 161540   | 214.41     | 153.60     | 311.90     | -0.8770  | 0.1953   | -0.4390  | -0.3721  | -0.8541  | 0.3634   | -0.3040  | 0.4820   | 0.8218  
-10.0      | -10.21     | 0.21       | 161623   | 214.41     | 153.71     | 311.90     | -0.8766  | 0.1965   | -0.4392  | -0.3732  | -0.8538  | 0.3630   | -0.3036  | 0.4822   | 0.8218  
0.0        | -0.24      | 0.24       | 161707   | 214.51     | 154.36     | 311.84     | -0.8737  | 0.2067   | -0.4403  | -0.3825  | -0.8511  | 0.3595   | -0.3005  | 0.4825   | 0.8227  
10.0       | 9.57       | 0.43       | 161790   | 214.81     | 156.35     | 311.47     | -0.8622  | 0.2425   | -0.4447  | -0.4159  | -0.8401  | 0.3482   | -0.2892  | 0.4852   | 0.8252  
20.0       | 19.43      | 0.57       | 161873   | 215.89     | 160.84     | 310.67     | -0.8246  | 0.3413   | -0.4511  | -0.5022  | -0.8087  | 0.3062   | -0.2604  | 0.4791   | 0.8383  
30.0       | 29.35      | 0.65       | 161956   | 217.18     | 165.57     | 310.09     | -0.7736  | 0.4396   | -0.4565  | -0.5901  | -0.7622  | 0.2661   | -0.2310  | 0.4752   | 0.8490  
40.0       | 39.06      | 0.94       | 162039   | 217.88     | 167.59     | 309.87     | -0.7492  | 0.4792   | -0.4573  | -0.6255  | -0.7389  | 0.2504   | -0.2179  | 0.4736   | 0.8533  
50.0       | 49.90      | 0.10       | 162123   | 220.25     | 173.39     | 308.98     | -0.6578  | 0.5968   | -0.4595  | -0.7303  | -0.6546  | 0.1953   | -0.1842  | 0.4640   | 0.8665  
60.0       | 58.50      | 1.50       | 162206   | 221.11     | 175.09     | 308.90     | -0.6289  | 0.6288   | -0.4573  | -0.7581  | -0.6265  | 0.1810   | -0.1727  | 0.4605   | 0.8707  
70.0       | 69.38      | 0.62       | 162289   | 221.99     | 176.54     | 308.65     | -0.6017  | 0.6554   | -0.4565  | -0.7820  | -0.5996  | 0.1700   | -0.1624  | 0.4593   | 0.8733  
80.0       | 79.10      | 0.90       | 162372   | 222.71     | 177.77     | 308.59     | -0.5790  | 0.6766   | -0.4549  | -0.8004  | -0.5779  | 0.1593   | -0.1551  | 0.4563   | 0.8762  
90.0       | 88.96      | 1.04       | 162455   | 223.94     | 179.79     | 308.39     | -0.5377  | 0.7099   | -0.4548  | -0.8302  | -0.5398  | 0.1390   | -0.1468  | 0.4523   | 0.8797  
100.0      | 99.51      | 0.49       | 162539   | 224.05     | 179.93     | 308.41     | -0.5349  | 0.7131   | -0.4531  | -0.8323  | -0.5369  | 0.1377   | -0.1451  | 0.4508   | 0.8808  
90.0       | 90.04      | 0.04       | 162622   | 223.71     | 179.40     | 308.48     | -0.5422  | 0.7074   | -0.4535  | -0.8273  | -0.5439  | 0.1406   | -0.1472  | 0.4514   | 0.8801  
80.0       | 80.13      | 0.13       | 162705   | 221.62     | 175.85     | 308.96     | -0.5978  | 0.6611   | -0.4534  | -0.7855  | -0.5960  | 0.1667   | -0.1601  | 0.4558   | 0.8756  
70.0       | 70.21      | 0.21       | 162788   | 219.39     | 171.62     | 309.48     | -0.6613  | 0.5959   | -0.4556  | -0.7273  | -0.6580  | 0.1952   | -0.1834  | 0.4604   | 0.8685  
60.0       | 60.16      | 0.16       | 162871   | 217.60     | 167.09     | 310.18     | -0.7290  | 0.5125   | -0.4537  | -0.6527  | -0.7202  | 0.2353   | -0.2062  | 0.4677   | 0.8595  
50.0       | 50.29      | 0.29       | 162955   | 216.32     | 163.02     | 310.75     | -0.7850  | 0.4252   | -0.4505  | -0.5748  | -0.7712  | 0.2737   | -0.2311  | 0.4738   | 0.8498  
40.0       | 40.09      | 0.09       | 163038   | 215.54     | 159.65     | 311.23     | -0.8265  | 0.3429   | -0.4464  | -0.5016  | -0.8086  | 0.3076   | -0.2555  | 0.4782   | 0.8403  
30.0       | 30.37      | 0.37       | 163121   | 214.96     | 157.66     | 311.54     | -0.8478  | 0.2856   | -0.4468  | -0.4540  | -0.8264  | 0.3331   | -0.2741  | 0.4852   | 0.8303  
20.0       | 20.12      | 0.12       | 163204   | 214.92     | 157.47     | 311.57     | -0.8489  | 0.2833   | -0.4462  | -0.4515  | -0.8276  | 0.3335   | -0.2748  | 0.4846   | 0.8304  
10.0       | 10.30      | 0.30       | 163287   | 214.92     | 157.05     | 311.51     | -0.8514  | 0.2744   | -0.4471  | -0.4455  | -0.8281  | 0.3402   | -0.2769  | 0.4888   | 0.8273  
0.0        | 0.39       | 0.39       | 163371   | 214.78     | 156.33     | 311.72     | -0.8592  | 0.2556   | -0.4432  | -0.4263  | -0.8365  | 0.3442   | -0.2828  | 0.4847   | 0.8277  
-10.0      | -9.86      | 0.14       | 163454   | 214.77     | 156.23     | 311.73     | -0.8600  | 0.2533   | -0.4430  | -0.4241  | -0.8376  | 0.3445   | -0.2838  | 0.4841   | 0.8277  
-20.0      | -19.68     | 0.32       | 163537   | 214.75     | 156.17     | 311.74     | -0.8602  | 0.2520   | -0.4432  | -0.4233  | -0.8376  | 0.3453   | -0.2842  | 0.4847   | 0.8272  
-30.0      | -29.74     | 0.26       | 163620   | 214.75     | 156.14     | 311.74     | -0.8603  | 0.2517   | -0.4433  | -0.4230  | -0.8378  | 0.3453   | -0.2845  | 0.4846   | 0.8272  
-40.0      | -39.79     | 0.21       | 163703   | 214.72     | 155.77     | 311.67     | -0.8614  | 0.2479   | -0.4432  | -0.4212  | -0.8363  | 0.3510   | -0.2837  | 0.4891   | 0.8248  
-50.0      | -49.56     | 0.44       | 163786   | 214.65     | 154.88     | 311.93     | -0.8701  | 0.2226   | -0.4398  | -0.3962  | -0.8466  | 0.3553   | -0.2932  | 0.4834   | 0.8248  
-40.0      | -40.14     | 0.14       | 163870   | 214.60     | 154.87     | 311.93     | -0.8696  | 0.2228   | -0.4407  | -0.3968  | -0.8465  | 0.3550   | -0.2939  | 0.4836   | 0.8245  
-30.0      | -30.18     | 0.18       | 163953   | 214.65     | 154.87     | 311.84     | -0.8682  | 0.2250   | -0.4423  | -0.4010  | -0.8432  | 0.3580   | -0.2924  | 0.4882   | 0.8223  
-20.0      | -20.31     | 0.31       | 164036   | 214.77     | 155.96     | 311.78     | -0.8642  | 0.2398   | -0.4423  | -0.4123  | -0.8413  | 0.3495   | -0.2883  | 0.4844   | 0.8260  
-10.0      | -10.50     | 0.50       | 164119   | 215.29     | 158.88     | 311.30     | -0.8402  | 0.3007   | -0.4514  | -0.4687  | -0.8213  | 0.3253   | -0.2729  | 0.4849   | 0.8309  
0.0        | -0.78      | 0.78       | 164202   | 216.55     | 163.28     | 310.54     | -0.7994  | 0.3937   | -0.4539  | -0.5490  | -0.7856  | 0.2854   | -0.2442  | 0.4774   | 0.8441  
