SYNCHRONISATION DYNAMIXEL ET QUALISYS QTM (BOUCLES MULTIPLES)
Date: 2026-06-30 16:17:35
Marqueur recherché: L-frame
================================================================================================================================================================
CIBLE (°)  | RÉEL_MOL   | ERR_MOL    | FRAME    | X (mm)     | Y (mm)     | Z (mm)     | M00      | M01      | M02      | M10      | M11      | M12      | M20      | M21      | M22     
================================================================================================================================================================
-40.0      | -39.65     | 0.35       | 174219   | 214.55     | 155.04     | 311.61     | -0.8686  | 0.2238   | -0.4420  | -0.3981  | -0.8464  | 0.3538   | -0.2949  | 0.4833   | 0.8243  
-30.0      | -30.27     | 0.27       | 174373   | 214.55     | 155.07     | 311.62     | -0.8682  | 0.2247   | -0.4424  | -0.3990  | -0.8462  | 0.3532   | -0.2950  | 0.4832   | 0.8243  
-20.0      | -20.36     | 0.36       | 174527   | 214.71     | 155.42     | 311.29     | -0.8648  | 0.2325   | -0.4449  | -0.4101  | -0.8385  | 0.3589   | -0.2896  | 0.4929   | 0.8205  
-10.0      | -10.64     | 0.64       | 174680   | 215.21     | 158.84     | 310.98     | -0.8413  | 0.2971   | -0.4517  | -0.4656  | -0.8227  | 0.3261   | -0.2747  | 0.4847   | 0.8304  
0.0        | -0.49      | 0.49       | 174834   | 215.83     | 160.72     | 310.63     | -0.8246  | 0.3417   | -0.4509  | -0.5023  | -0.8089  | 0.3056   | -0.2603  | 0.4785   | 0.8386  
10.0       | 9.28       | 0.72       | 174987   | 217.17     | 165.51     | 309.98     | -0.7738  | 0.4395   | -0.4562  | -0.5898  | -0.7626  | 0.2657   | -0.2311  | 0.4747   | 0.8493  
20.0       | 18.95      | 1.05       | 175141   | 217.77     | 167.25     | 309.82     | -0.7530  | 0.4728   | -0.4576  | -0.6200  | -0.7427  | 0.2528   | -0.2204  | 0.4741   | 0.8525  
30.0       | 29.15      | 0.85       | 175294   | 218.70     | 169.74     | 309.53     | -0.7188  | 0.5226   | -0.4586  | -0.6644  | -0.7106  | 0.2315   | -0.2049  | 0.4710   | 0.8580  
20.0       | 20.12      | 0.12       | 175448   | 218.73     | 169.77     | 309.50     | -0.7190  | 0.5223   | -0.4586  | -0.6642  | -0.7107  | 0.2318   | -0.2049  | 0.4713   | 0.8579  
10.0       | 10.11      | 0.11       | 175602   | 218.05     | 168.14     | 309.73     | -0.7344  | 0.5006   | -0.4583  | -0.6447  | -0.7256  | 0.2405   | -0.2122  | 0.4721   | 0.8556  
0.0        | 0.20       | 0.20       | 175755   | 217.00     | 165.17     | 310.09     | -0.7659  | 0.4523   | -0.4569  | -0.6012  | -0.7558  | 0.2596   | -0.2279  | 0.4735   | 0.8508  
-10.0      | -9.77      | 0.23       | 175909   | 215.70     | 160.73     | 310.70     | -0.8139  | 0.3642   | -0.4527  | -0.5224  | -0.7998  | 0.2956   | -0.2544  | 0.4771   | 0.8412  
-20.0      | -19.63     | 0.37       | 176062   | 214.82     | 156.77     | 311.13     | -0.8507  | 0.2694   | -0.4513  | -0.4430  | -0.8297  | 0.3397   | -0.2829  | 0.4889   | 0.8252  
-10.0      | -10.11     | 0.11       | 176216   | 214.80     | 156.84     | 311.14     | -0.8509  | 0.2698   | -0.4508  | -0.4432  | -0.8293  | 0.3402   | -0.2821  | 0.4893   | 0.8253  
0.0        | -0.34      | 0.34       | 176370   | 214.84     | 157.41     | 311.07     | -0.8483  | 0.2772   | -0.4512  | -0.4482  | -0.8297  | 0.3329   | -0.2821  | 0.4846   | 0.8280  
10.0       | 9.52       | 0.48       | 176523   | 215.59     | 160.01     | 310.66     | -0.8286  | 0.3303   | -0.4520  | -0.4931  | -0.8129  | 0.3099   | -0.2650  | 0.4796   | 0.8365  
20.0       | 18.85      | 1.15       | 176677   | 216.74     | 164.32     | 310.11     | -0.7856  | 0.4153   | -0.4586  | -0.5697  | -0.7747  | 0.2744   | -0.2413  | 0.4768   | 0.8452  
30.0       | 29.20      | 0.80       | 176830   | 217.49     | 166.60     | 309.85     | -0.7602  | 0.4596   | -0.4591  | -0.6088  | -0.7506  | 0.2567   | -0.2266  | 0.4747   | 0.8505  
40.0       | 38.82      | 1.18       | 176984   | 219.71     | 172.17     | 309.21     | -0.6811  | 0.5697   | -0.4598  | -0.7065  | -0.6762  | 0.2088   | -0.1920  | 0.4671   | 0.8631  
50.0       | 49.51      | 0.49       | 177138   | 222.25     | 177.02     | 308.53     | -0.5935  | 0.6618   | -0.4580  | -0.7884  | -0.5925  | 0.1656   | -0.1617  | 0.4594   | 0.8734  
60.0       | 58.89      | 1.11       | 177291   | 223.96     | 179.81     | 308.36     | -0.5404  | 0.7073   | -0.4557  | -0.8283  | -0.5425  | 0.1403   | -0.1480  | 0.4533   | 0.8790  
70.0       | 68.90      | 1.10       | 177445   | 227.50     | 184.67     | 308.09     | -0.4128  | 0.7896   | -0.4540  | -0.9023  | -0.4226  | 0.0854   | -0.1244  | 0.4449   | 0.8869  
60.0       | 59.91      | 0.09       | 177598   | 227.37     | 184.46     | 308.16     | -0.4161  | 0.7890   | -0.4521  | -0.9008  | -0.4254  | 0.0867   | -0.1240  | 0.4433   | 0.8877  
50.0       | 50.00      | 0.00       | 177752   | 226.23     | 182.78     | 308.38     | -0.4458  | 0.7722   | -0.4528  | -0.8857  | -0.4536  | 0.0984   | -0.1294  | 0.4449   | 0.8862  
40.0       | 40.14      | 0.14       | 177906   | 223.43     | 178.98     | 308.65     | -0.5271  | 0.7203   | -0.4510  | -0.8375  | -0.5302  | 0.1320   | -0.1440  | 0.4473   | 0.8827  
30.0       | 30.08      | 0.08       | 178059   | 220.45     | 173.96     | 309.28     | -0.6118  | 0.6487   | -0.4526  | -0.7731  | -0.6114  | 0.1687   | -0.1673  | 0.4532   | 0.8756  
20.0       | 20.21      | 0.21       | 178213   | 218.29     | 169.10     | 309.91     | -0.6958  | 0.5555   | -0.4553  | -0.6914  | -0.6897  | 0.2151   | -0.1945  | 0.4645   | 0.8639  
10.0       | 10.16      | 0.16       | 178366   | 216.83     | 164.79     | 310.56     | -0.7605  | 0.4653   | -0.4529  | -0.6110  | -0.7489  | 0.2566   | -0.2198  | 0.4718   | 0.8539  
0.0        | 0.29       | 0.29       | 178520   | 215.66     | 160.28     | 311.17     | -0.8198  | 0.3563   | -0.4482  | -0.5142  | -0.8026  | 0.3024   | -0.2520  | 0.4784   | 0.8412  
-10.0      | -9.67      | 0.33       | 178673   | 214.87     | 156.53     | 311.42     | -0.8542  | 0.2653   | -0.4471  | -0.4397  | -0.8276  | 0.3490   | -0.2775  | 0.4947   | 0.8236  
-20.0      | -19.48     | 0.52       | 178827   | 214.56     | 154.66     | 311.99     | -0.8712  | 0.2170   | -0.4403  | -0.3917  | -0.8479  | 0.3572   | -0.2958  | 0.4837   | 0.8237  
-30.0      | -29.59     | 0.41       | 178981   | 214.31     | 152.22     | 312.17     | -0.8847  | 0.1640   | -0.4363  | -0.3444  | -0.8608  | 0.3747   | -0.3141  | 0.4817   | 0.8181  
-20.0      | -20.07     | 0.07       | 179134   | 214.34     | 152.28     | 312.19     | -0.8848  | 0.1647   | -0.4359  | -0.3449  | -0.8605  | 0.3749   | -0.3134  | 0.4820   | 0.8182  
-10.0      | -10.11     | 0.11       | 179288   | 214.33     | 152.48     | 312.19     | -0.8841  | 0.1676   | -0.4363  | -0.3474  | -0.8600  | 0.3737   | -0.3126  | 0.4819   | 0.8186  
0.0        | -0.20      | 0.20       | 179441   | 214.38     | 152.92     | 312.15     | -0.8828  | 0.1739   | -0.4364  | -0.3530  | -0.8586  | 0.3719   | -0.3100  | 0.4823   | 0.8193  
10.0       | 9.62       | 0.38       | 179595   | 214.58     | 154.56     | 311.89     | -0.8744  | 0.2028   | -0.4409  | -0.3800  | -0.8511  | 0.3622   | -0.3018  | 0.4843   | 0.8212  
20.0       | 19.38      | 0.62       | 179749   | 215.21     | 158.64     | 311.16     | -0.8444  | 0.2889   | -0.4512  | -0.4587  | -0.8249  | 0.3304   | -0.2767  | 0.4860   | 0.8290  
30.0       | 29.30      | 0.70       | 179902   | 216.55     | 163.46     | 310.34     | -0.7963  | 0.3987   | -0.4549  | -0.5537  | -0.7833  | 0.2827   | -0.2436  | 0.4770   | 0.8445  
40.0       | 39.01      | 0.99       | 180056   | 218.25     | 168.53     | 309.79     | -0.7356  | 0.4981   | -0.4592  | -0.6430  | -0.7268  | 0.2417   | -0.2134  | 0.4730   | 0.8548  
50.0       | 49.17      | 0.83       | 180209   | 219.14     | 170.79     | 309.50     | -0.7018  | 0.5445   | -0.4594  | -0.6840  | -0.6953  | 0.2207   | -0.1992  | 0.4690   | 0.8604  
60.0       | 58.94      | 1.06       | 180363   | 222.07     | 176.70     | 308.75     | -0.5995  | 0.6566   | -0.4578  | -0.7838  | -0.5974  | 0.1697   | -0.1621  | 0.4605   | 0.8727  
70.0       | 68.95      | 1.05       | 180517   | 225.18     | 181.73     | 308.17     | -0.4976  | 0.7385   | -0.4549  | -0.8562  | -0.5023  | 0.1211   | -0.1391  | 0.4498   | 0.8823  
80.0       | 78.71      | 1.29       | 180670   | 226.68     | 183.55     | 308.17     | -0.4425  | 0.7720   | -0.4562  | -0.8874  | -0.4503  | 0.0986   | -0.1294  | 0.4485   | 0.8844  
90.0       | 88.53      | 1.47       | 180824   | 230.70     | 188.59     | 308.06     | -0.2970  | 0.8466   | -0.4416  | -0.9491  | -0.3123  | 0.0397   | -0.1043  | 0.4309   | 0.8963  
100.0      | 98.83      | 1.17       | 180977   | 232.97     | 190.72     | 308.22     | -0.2286  | 0.8743   | -0.4282  | -0.9692  | -0.2459  | 0.0153   | -0.0919  | 0.4185   | 0.9035  
90.0       | 89.94      | 0.06       | 181131   | 232.84     | 190.51     | 308.29     | -0.2321  | 0.8737   | -0.4276  | -0.9683  | -0.2491  | 0.0166   | -0.0920  | 0.4179   | 0.9038  
80.0       | 80.03      | 0.03       | 181285   | 231.29     | 188.94     | 308.52     | -0.2657  | 0.8627   | -0.4303  | -0.9593  | -0.2810  | 0.0289   | -0.0959  | 0.4205   | 0.9022  
70.0       | 70.02      | 0.02       | 181438   | 227.80     | 185.17     | 308.69     | -0.3514  | 0.8257   | -0.4413  | -0.9296  | -0.3637  | 0.0597   | -0.1112  | 0.4312   | 0.8954  
60.0       | 60.11      | 0.11       | 181592   | 223.99     | 179.77     | 308.88     | -0.4852  | 0.7545   | -0.4418  | -0.8643  | -0.4905  | 0.1115   | -0.1326  | 0.4360   | 0.8901  
50.0       | 50.15      | 0.15       | 181745   | 221.20     | 175.11     | 309.35     | -0.5805  | 0.6804   | -0.4473  | -0.7996  | -0.5801  | 0.1554   | -0.1537  | 0.4479   | 0.8808  
40.0       | 40.19      | 0.19       | 181899   | 218.75     | 170.12     | 310.02     | -0.6726  | 0.5873   | -0.4502  | -0.7172  | -0.6673  | 0.2010   | -0.1824  | 0.4581   | 0.8700  
30.0       | 30.22      | 0.22       | 182052   | 217.05     | 165.43     | 310.61     | -0.7506  | 0.4825   | -0.4514  | -0.6251  | -0.7400  | 0.2485   | -0.2141  | 0.4687   | 0.8570  
20.0       | 20.26      | 0.26       | 182206   | 215.87     | 161.08     | 311.21     | -0.8101  | 0.3788   | -0.4475  | -0.5328  | -0.7941  | 0.2925   | -0.2445  | 0.4754   | 0.8451  
10.0       | 10.25      | 0.25       | 182360   | 215.01     | 157.10     | 311.51     | -0.8502  | 0.2801   | -0.4457  | -0.4516  | -0.8233  | 0.3440   | -0.2706  | 0.4937   | 0.8264  
0.0        | 0.39       | 0.39       | 182513   | 214.70     | 155.25     | 312.07     | -0.8684  | 0.2308   | -0.4388  | -0.4028  | -0.8445  | 0.3530   | -0.2891  | 0.4833   | 0.8263  
-10.0      | -9.52      | 0.48       | 182667   | 214.44     | 152.75     | 312.28     | -0.8838  | 0.1755   | -0.4337  | -0.3527  | -0.8589  | 0.3712   | -0.3074  | 0.4811   | 0.8210  
-20.0      | -19.43     | 0.57       | 182820   | 214.29     | 149.62     | 312.66     | -0.8992  | 0.1072   | -0.4242  | -0.2903  | -0.8715  | 0.3952   | -0.3273  | 0.4785   | 0.8148  
-30.0      | -29.64     | 0.36       | 182974   | 214.30     | 149.44     | 312.63     | -0.9003  | 0.1010   | -0.4234  | -0.2847  | -0.8724  | 0.3973   | -0.3293  | 0.4782   | 0.8142  
-40.0      | -39.40     | 0.60       | 183128   | 214.29     | 149.09     | 312.68     | -0.9020  | 0.0925   | -0.4218  | -0.2768  | -0.8735  | 0.4005   | -0.3314  | 0.4780   | 0.8135  
-50.0      | -49.61     | 0.39       | 183281   | 214.33     | 149.08     | 312.71     | -0.9022  | 0.0908   | -0.4216  | -0.2753  | -0.8737  | 0.4011   | -0.3320  | 0.4780   | 0.8132  
-40.0      | -40.04     | 0.04       | 183435   | 214.33     | 149.24     | 312.80     | -0.9018  | 0.0928   | -0.4221  | -0.2775  | -0.8731  | 0.4009   | -0.3314  | 0.4787   | 0.8131  
