SYNCHRONISATION DYNAMIXEL ET QUALISYS QTM
Date: 2026-06-12 14:41:52
Marqueur recherché: L-frame
==========================================================================================
CIBLE (°)  | RÉEL_MOT (°) | ERR_MOT (°)  | FRAME_QTM  | X (mm)     | Y (mm)     | Z (mm)    
==========================================================================================
60.0       | 226.49       | 91.00        | 48932      | 44.88      | 105.20     | 374.02    
50.0       | 212.43       | 91.62        | 49015      | 44.87      | 105.20     | 374.06    
40.0       | 197.49       | 91.66        | 49102      | 44.92      | 104.93     | 374.67    
30.0       | 182.55       | 91.70        | 49185      | 45.37      | 104.57     | 376.62    
20.0       | 167.70       | 91.80        | 49268      | 46.32      | 104.21     | 379.37    
10.0       | 152.75       | 91.84        | 49351      | 48.01      | 103.90     | 382.96    
0.0        | 138.08       | 92.05        | 49434      | 50.25      | 103.47     | 386.45    
-10.0      | 123.13       | 92.09        | 49518      | 53.04      | 103.14     | 389.83    
-20.0      | 108.28       | 92.19        | 49601      | 55.24      | 102.97     | 392.54    
-30.0      | 93.52        | 92.34        | 49684      | 57.54      | 102.70     | 394.64    
-40.0      | 78.75        | 92.50        | 49767      | 62.09      | 102.11     | 396.37    
-50.0      | 63.90        | 92.60        | 49850      | 65.24      | 101.68     | 398.77    
-60.0      | 49.04        | 92.70        | 49933      | 68.51      | 101.12     | 400.71    
-50.0      | 62.67        | 91.78        | 50017      | 68.52      | 101.13     | 400.69    
-40.0      | 77.70        | 91.80        | 50100      | 68.10      | 101.15     | 400.24    
-30.0      | 92.46        | 91.64        | 50183      | 66.25      | 101.38     | 398.64    
-20.0      | 107.49       | 91.66        | 50266      | 64.02      | 101.64     | 396.61    
-10.0      | 122.34       | 91.56        | 50349      | 61.31      | 102.13     | 394.17    
0.0        | 137.37       | 91.58        | 50432      | 58.17      | 102.72     | 391.22    
10.0       | 152.14       | 91.43        | 50516      | 55.00      | 103.20     | 387.89    
20.0       | 167.08       | 91.39        | 50599      | 53.06      | 103.63     | 385.36    
30.0       | 181.93       | 91.29        | 50682      | 51.53      | 103.93     | 383.06    
40.0       | 196.70       | 91.13        | 50765      | 50.03      | 104.22     | 380.44    
50.0       | 211.55       | 91.04        | 50849      | 48.58      | 104.55     | 377.49    
60.0       | 226.49       | 91.00        | 50932      | 47.31      | 104.90     | 374.42    
