SYNCHRONISATION DYNAMIXEL ET QUALISYS QTM
Date: 2026-06-12 14:43:06
Marqueur recherché: L-frame
==========================================================================================
CIBLE (°)  | RÉEL_MOT (°) | ERR_MOT (°)  | FRAME_QTM  | X (mm)     | Y (mm)     | Z (mm)    
==========================================================================================
50.0       | 207.25       | 88.16        | 56320      | 49.00      | 104.36     | 378.38    
40.0       | 192.92       | 88.61        | 56403      | 49.00      | 104.32     | 378.38    
30.0       | 178.15       | 88.77        | 56490      | 49.09      | 104.15     | 378.93    
20.0       | 163.21       | 88.81        | 56573      | 49.55      | 104.00     | 380.31    
10.0       | 148.36       | 88.91        | 56656      | 50.95      | 103.69     | 383.38    
0.0        | 133.68       | 89.12        | 56739      | 53.13      | 103.25     | 386.70    
-10.0      | 118.83       | 89.22        | 56822      | 55.51      | 102.84     | 389.69    
-20.0      | 103.97       | 89.32        | 56905      | 57.91      | 102.58     | 392.12    
-30.0      | 89.30        | 89.53        | 56989      | 60.24      | 102.25     | 394.41    
-40.0      | 74.53        | 89.69        | 57072      | 63.10      | 101.85     | 396.91    
-50.0      | 59.77        | 89.84        | 57155      | 66.24      | 101.43     | 399.24    
-40.0      | 73.30        | 88.87        | 57238      | 66.26      | 101.42     | 399.23    
-30.0      | 88.15        | 88.77        | 57321      | 65.81      | 101.46     | 398.74    
-20.0      | 103.01       | 88.67        | 57405      | 64.29      | 101.71     | 397.25    
-10.0      | 118.04       | 88.69        | 57488      | 62.01      | 102.05     | 395.03    
0.0        | 132.98       | 88.65        | 57571      | 59.01      | 102.51     | 392.10    
10.0       | 147.83       | 88.55        | 57654      | 55.89      | 103.01     | 388.90    
20.0       | 162.69       | 88.46        | 57737      | 53.57      | 103.46     | 385.87    
30.0       | 177.54       | 88.36        | 57821      | 52.10      | 103.77     | 383.79    
40.0       | 192.39       | 88.26        | 57904      | 50.52      | 104.08     | 381.22    
50.0       | 207.25       | 88.16        | 57987      | 49.10      | 104.40     | 378.33    
