SYNCHRONISATION DYNAMIXEL ET QUALISYS QTM
Date: 2026-06-12 14:04:45
Marqueur recherché: L-frame
==========================================================================================
CIBLE (°)  | RÉEL_MOT (°) | ERR_MOT (°)  | FRAME_QTM  | X (mm)     | Y (mm)     | Z (mm)    
==========================================================================================
50.0       | 216.04       | 94.02        | 4285       | 46.48      | 106.23     | 375.40    
40.0       | 201.80       | 94.53        | 4368       | 46.47      | 106.18     | 375.45    
30.0       | 187.12       | 94.75        | 4455       | 46.58      | 105.99     | 376.08    
20.0       | 172.09       | 94.73        | 4538       | 46.91      | 105.83     | 377.45    
10.0       | 157.15       | 94.77        | 4621       | 48.01      | 105.50     | 380.63    
0.0        | 142.38       | 94.92        | 4704       | 49.93      | 105.04     | 384.28    
-10.0      | 127.53       | 95.02        | 4787       | 53.25      | 104.39     | 387.61    
-20.0      | 112.59       | 95.06        | 4871       | 55.60      | 103.84     | 390.59    
-30.0      | 97.91        | 95.27        | 4954       | 58.09      | 103.41     | 393.06    
-40.0      | 83.06        | 95.37        | 5037       | 60.62      | 102.89     | 395.49    
-50.0      | 68.29        | 95.53        | 5120       | 63.61      | 102.26     | 397.94    
-40.0      | 82.18        | 94.79        | 5203       | 63.61      | 102.27     | 397.92    
-30.0      | 96.94        | 94.63        | 5287       | 63.20      | 102.32     | 397.41    
-20.0      | 111.88       | 94.59        | 5370       | 61.87      | 102.62     | 396.06    
-10.0      | 126.83       | 94.55        | 5453       | 58.90      | 103.28     | 392.96    
0.0        | 141.68       | 94.45        | 5536       | 55.70      | 103.98     | 389.66    
