SYNCHRONISATION DYNAMIXEL ET QUALISYS QTM
Date: 2026-06-12 14:34:15
Marqueur recherché: L-frame
==========================================================================================
CIBLE (°)  | RÉEL_MOT (°) | ERR_MOT (°)  | FRAME_QTM  | X (mm)     | Y (mm)     | Z (mm)    
==========================================================================================
60.0       | 235.37       | 96.91        | 3233       | 45.15      | 106.66     | 371.77    
50.0       | 221.57       | 97.71        | 3316       | 45.17      | 106.63     | 371.81    
40.0       | 206.72       | 97.81        | 3403       | 45.14      | 106.42     | 372.44    
30.0       | 191.78       | 97.85        | 3486       | 45.51      | 106.19     | 374.56    
20.0       | 176.84       | 97.89        | 3569       | 46.16      | 105.97     | 377.10    
10.0       | 161.98       | 97.99        | 3652       | 47.63      | 105.54     | 380.70    
0.0        | 147.22       | 98.14        | 3735       | 49.90      | 105.07     | 384.53    
-10.0      | 132.19       | 98.12        | 3819       | 53.67      | 104.37     | 387.70    
-20.0      | 117.51       | 98.34        | 3902       | 55.78      | 103.86     | 390.41    
-30.0      | 102.66       | 98.44        | 3985       | 58.15      | 103.47     | 392.83    
-40.0      | 87.89        | 98.59        | 4068       | 60.64      | 103.00     | 395.21    
-50.0      | 73.04        | 98.69        | 4151       | 63.19      | 102.50     | 397.34    
-60.0      | 58.36        | 98.91        | 4235       | 66.29      | 101.80     | 399.41    
-50.0      | 71.81        | 97.87        | 4318       | 66.30      | 101.80     | 399.40    
-40.0      | 86.75        | 97.83        | 4401       | 65.83      | 101.86     | 398.89    
-30.0      | 101.78       | 97.85        | 4484       | 64.04      | 102.22     | 397.28    
-20.0      | 116.63       | 97.75        | 4567       | 61.70      | 102.71     | 395.09    
-10.0      | 131.48       | 97.66        | 4651       | 58.43      | 103.44     | 391.99    
0.0        | 146.43       | 97.62        | 4734       | 55.31      | 104.12     | 388.79    
10.0       | 161.28       | 97.52        | 4817       | 53.12      | 104.67     | 386.05    
20.0       | 176.13       | 97.42        | 4900       | nan        | nan        | nan       
30.0       | 190.99       | 97.32        | 4985       | nan        | nan        | nan       
40.0       | 205.84       | 97.23        | 5068       | 45.12      | 115.34     | 384.23    
50.0       | 220.69       | 97.13        | 5151       | 43.50      | 115.73     | 380.93    
60.0       | 235.46       | 96.97        | 5234       | 41.73      | 116.31     | 376.56    
